3547849442
1366479837
1750790267
5144289791
2279358495
5173844832
1826385231
2283870880
2495057942
1957092372
1663436021
2965201811
3032358562
5437774334
3237855651
1220617032
1733054252
2806787603
1824370141
2794551704
1437248460
5551067685
2680490623
2073176361
2636491081
1268767005
2010047143
2609036094
1224520441
2603193792
2095908087
1579412905
1952425941
2857628581
2017656860
1972970724
2554724557
1553207627
5234818368
1761571262
5285517685
206137555
2045637785
2911962647
2386961033
5326349304
2669600103
2449194105
1859500517
3188799392
5043573982
3180423093
2956427961
2219867647
2061788845
5238698395
2061514195
2280858124
1992456933
1912762874
2409776425
1949788913
2277445914
3298008900
1721411137
1925598004
1846783415
3753717601
535582678
2720948215
1799618285
2135366465
2672679823
5057661411
573352255
2046767161
2158774032
2387758467
2619429711
2521941160
2297974787
3287004337
2922522754
1622916475
1841441574
577133559
1621228604
1883196821
2408257575
2034221033
3243325634
1974775177
1739194337
1105838123
3058171083
3186042314
5503233446
3348814600
1880242242
2715060491
3040657641
1677200075
3174665530
2240589147
3023756392
5305404556
573500331
3758990745
2079281787
2003858977
2659924887
3942957313
206918000
3146705491
1410044097
5212892771
534943459
2488235590
2681425273
2135470901
2085598755
5234242330
2034806813
1890644727
1887734371
3781967912
2035451880
1837009022
1780230655
3840046427
1709967665
3461700754
3132562907
2624587797
2694469171
1966660325
277008062
2963821777
1903664804
1626420834
1420395607
2389243471
1926159374
2064940265
3034529103
2264899532
1763117197
2027082433
3950302342
5323496405
5068307037
2052636122
3815731459
1713210653
